1 228
1 213
1 114
1 99
1 218
1 199
1 42
1 207
1 205
1 15
1 335
1 302
1 387
1 112
1 252
1 407
1 318
1 189
1 173
1 59
1 356
1 374
1 45
1 307
1 131
1 253
1 109
1 38
1 376
1 353
1 116
1 191
1 345
1 288
1 375
1 236
1 137
1 402
1 85
1 150
1 121
1 339
1 81
1 149
1 354
1 165
1 167
1 209
1 132
1 31
1 174
1 342
1 308
1 130
1 41
1 404
1 33
1 238
1 35
1 382
1 30
1 198
1 216
1 142
1 152
1 389
1 127
1 169
1 73
1 394
1 250
1 224
1 211
1 390
1 212
1 32
1 36
1 289
1 48
1 29
1 315
1 363
1 171
1 39
1 297
1 110
1 214
1 377
1 12
1 203
1 337
1 406
1 365
1 77
1 310
1 128
1 144
1 0
1 317
1 359
1 70
1 330
1 258
1 322
1 93
1 183
1 400
1 285
1 309
1 305
1 313
1 163
1 195
1 333
1 239
1 357
1 46
1 290
1 284
1 270
1 60
1 381
1 401
1 11
1 241
1 327
1 259
1 92
1 17
1 190
1 179
1 220
1 88
1 51
1 62
1 266
1 291
1 66
1 74
1 294
1 393
1 58
1 312
1 9
1 118
1 386
1 56
1 3
1 378
1 24
1 248
1 328
1 49
1 53
1 373
1 383
1 119
1 122
1 286
1 72
1 115
1 268
1 316
1 227
1 219
1 362
1 360
1 162
1 83
1 101
1 86
1 384
1 262
1 90
1 178
1 26
1 103
1 18
1 21
1 215
1 271
1 234
1 146
1 343
1 143
1 75
1 276
1 410
1 22
1 411
1 202
1 16
1 279
1 269
1 232
1 257
1 180
1 98
1 255
1 124
1 157
1 380
1 52
1 69
1 63
1 347
1 344
1 196
1 412
1 413
1 264
1 235
1 251
1 160
1 293
1 352
1 311
1 334
1 329
1 166
1 392
1 210
1 397
1 105
1 326
1 96
1 100
1 141
1 151
1 25
1 260
1 133
1 61
1 111
1 348
1 280
1 82
1 385
1 246
1 140
1 84
1 341
1 164
1 367
1 80
1 388
1 89
1 300
1 340
1 192
1 54
1 355
1 371
1 57
1 71
1 370
1 139
1 226
1 272
1 13
1 79
1 40
1 172
1 134
1 108
1 182
1 10
1 197
1 372
1 222
1 20
1 306
1 244
1 158
1 263
1 5
1 147
1 408
1 175
1 125
1 282
1 332
1 321
1 261
1 47
1 223
1 55
1 361
1 68
1 233
1 230
1 168
1 123
1 256
1 243
1 314
1 34
1 331
1 254
1 237
1 188
1 229
1 187
1 67
1 242
1 120
1 176
1 299
1 338
1 379
1 8
0 416
1 185
1 76
1 43
1 104
1 6
1 1
1 78
1 231
1 287
1 221
1 94
1 265
1 350
1 278
1 91
1 267
1 275
1 126
1 28
1 247
1 95
1 200
1 113
1 206
1 295
1 145
1 194
1 64
1 245
1 298
1 217
1 351
1 240
1 296
1 349
1 281
1 177
1 170
1 65
1 277
1 135
1 186
1 153
1 324
1 304
1 159
1 274
1 7
1 325
1 415
1 292
1 336
1 161
1 283
1 369
1 399
1 27
1 37
1 181
1 102
1 391
1 396
1 204
1 358
1 409
1 107
1 201
1 323
1 97
1 346
1 292
1 316
1 85
1 323
1 47
1 164
1 351
1 249
1 275
1 194
1 37
1 363
1 300
1 184
1 107
1 262
1 260
1 102
1 18
1 268
1 407
1 226
1 81
1 223
1 386
1 219
1 327
1 338
1 3
1 78
1 293
1 203
1 17
1 307
1 379
1 145
1 217
1 91
1 80
1 310
1 324
1 238
1 343
1 399
1 143
1 342
1 335
1 279
1 123
1 215
1 137
1 267
1 241
1 12
1 365
1 277
1 315
1 229
1 288
1 212
1 46
1 317
1 410
1 32
1 331
1 403
1 132
1 370
1 40
1 200
1 182
1 11
1 108
1 261
1 411
1 103
1 133
1 256
1 328
1 104
1 340
1 216
1 60
1 111
1 89
1 302
1 353
1 259
1 282
1 318
1 297
1 169
1 0
1 283
1 45
1 204
1 190
1 413
1 214
1 232
1 179
1 70
1 276
1 119
1 72
1 96
1 354
1 4
1 284
1 230
1 289
1 25
1 346
1 221
1 180
1 95
1 121
1 404
1 368
1 197
1 387
1 207
1 271
1 170
1 97
1 272
1 130
1 228
1 192
1 23
1 415
1 227
1 177
1 235
1 187
1 218
1 185
1 126
1 76
1 266
1 296
1 90
1 274
1 398
1 86
1 158
1 239
1 205
1 82
1 384
1 128
1 298
1 176
1 189
1 163
1 337
1 1
1 114
1 152
1 64
1 273
1 10
1 333
1 412
1 312
1 408
1 294
1 139
1 237
1 120
1 94
1 167
1 51
1 213
1 75
1 364
1 58
1 291
1 105
1 295
1 57
1 175
1 321
1 325
1 38
1 278
1 396
1 42
1 348
1 92
1 209
1 414
1 67
1 393
1 21
1 2
1 372
1 19
1 352
1 392
1 225
1 367
1 263
1 336
1 55
1 341
1 140
1 245
1 98
1 193
1 265
1 314
1 84
1 313
1 83
1 26
1 206
1 44
1 49
1 246
1 172
1 311
1 174
1 373
1 369
1 234
1 30
1 362
1 159
1 240
1 322
1 356
1 320
1 71
1 382
1 381
1 161
1 33
1 211
1 113
1 153
1 156
1 8
1 196
1 376
1 287
1 149
1 88
1 199
1 395
1 160
1 59
1 389
1 361
1 401
1 222
1 106
1 146
1 148
1 358
1 345
1 319
1 326
1 56
1 355
1 220
1 99
1 171
1 202
1 360
1 233
1 286
1 247
1 383
0 416
1 290
1 155
1 22
1 87
1 61
1 385
1 15
1 377
1 136
1 69
1 66
1 402
1 7
1 144
1 252
1 181
1 406
1 330
1 269
1 131
1 127
1 224
1 65
1 52
1 36
1 109
1 195
1 281
1 166
1 14
1 100
1 304
1 6
1 349
1 243
1 54
1 390
1 27
1 366
1 388
1 154
1 101
1 257
1 116
1 77
1 35
1 244
1 151
1 186
1 375
1 400
1 9
1 31
1 188
1 258
1 303
1 339
1 5
1 329
1 242
1 359
1 248
1 306
1 208
1 20
2 4
0 5
1 7
0 7
2 6
1 9
2 9
0 9
1 9
0 7
1 4
2 2
1 10
0 12
0 10
1 5
2 3
2 9
2 0
0 14
2 10
1 10
2 4
1 6
2 6
0 6
0 10
2 8
0 12
0 6
0 10
1 5
0 10
2 4
2 5
0 10
1 7
2 6
0 13
2 10
1 5
2 5
1 11
1 11
1 5
2 13
1 9
2 4
0 11
1 8
1 9
1 14
2 5
0 15
2 4
0 7
2 14
1 6
0 13
0 16
2 12
2 8
0 16
2 14
0 9
2 8
2 8
2 6
1 13
0 14
1 13
2 6
2 6
2 5
0 10
0 11
0 13
0 14
1 12
0 6
1 6
0 7
0 16
0 8
1 8
2 2
2 9
1 8
0 14
0 10
1 9
1 10
2 7
0 14
0 11
0 16
0 12
1 15
0 11
0 16
2 15
0 9
2 12
0 10
2 11
1 7
1 12
2 13
0 9
2 9
0 6
2 5
0 11
2 12
0 10
2 3
0 8
0 18
2 12
2 11
0 11
1 10
2 6
1 13
2 10
2 15
0 9
1 6
1 8
1 18
0 8
1 7
1 11
2 6
2 9
2 8
0 9
0 9
0 8
0 6
1 16
0 15
0 8
0 12
2 8
2 10
1 4
1 9
2 10
2 6
1 12
2 10
2 7
0 7
2 11
1 9
1 10
1 18
1 8
1 15
2 6
0 9
2 2
1 10
0 8
2 3
2 0
1 10
2 7
1 8
0 16
1 15
0 10
1 11
2 5
0 18
0 12
1 13
1 9
2 6
1 17
1 7
0 5
1 7
2 7
0 9
0 19
2 5
2 3
2 4
0 9
1 9
2 7
0 12
0 15
0 6
1 10
1 6
2 10
0 12
2 3
0 11
2 14
0 7
0 14
2 9
1 11
1 7
0 6
0 13
2 5
0 8
2 10
2 2
2 8
1 3
2 12
2 4
2 5
1 14
2 5
0 9
1 13
2 7
0 7
2 6
2 6
1 13
2 6
1 10
1 13
0 8
2 5
2 14
0 7
2 5
2 4
1 16
1 16
2 12
1 7
1 13
2 13
0 13
0 13
0 7
1 14
2 7
2 6
2 4
0 5
1 10
2 7
0 8
2 11
1 13
2 7
0 6
2 9
0 9
1 6
2 8
2 9
2 9
0 19
1 8
0 4
0 5
2 14
2 8
2 9
2 12
0 9
2 8
2 11
1 8
1 10
0 5
1 15
0 9
2 16
1 6
0 11
1 16
1 14
0 12
0 19
1 5
1 4
0 9
0 10
0 19
2 9
0 7
2 3
2 7
0 6
0 6
0 20
1 14
2 11
0 18
1 12
0 17
1 17
2 7
0 18
1 8
1 11
2 9
1 9
1 15
0 19
2 6
0 12
1 6
1 7
1 7
0 12
2 6
2 9
2 18
2 10
1 7
0 13
0 17
2 12
1 9
0 7
1 12
0 13
1 13
2 9
2 12
2 7
2 11
2 13
0 14
1 11
0 14
0 16
0 11
0 17
2 0
2 18
2 11
2 4
0 16
1 14
2 3
1 11
2 13
0 22
2 15
2 2
0 9
0 19
0 21
1 16
0 13
2 15
1 11
0 20
2 16
0 13
1 13
1 12
1 14
2 16
0 13
0 14
1 16
2 17
1 11
2 9
2 2
0 17
1 15
0 11
1 21
0 16
2 8
1 10
2 16
1 8
0 14
0 9
1 9
1 14
2 3
2 6
2 8
1 5
2 6
2 14
0 20
0 12
1 13
0 15
0 10
1 10
1 19
1 12
0 15
0 16
1 15
1 14
0 8
1 6
0 7
0 18
0 17
2 8
0 17
1 17
2 6
1 17
0 17
2 11
0 10
1 14
0 19
0 5
1 4
2 7
1 16
0 12
2 16
1 11
1 15
1 14
0 9
1 13
2 11
1 12
1 12
0 5
1 13
2 10
0 19
1 9
1 17
1 8
0 13
1 11
2 11
1 17
1 11
0 11
2 11
0 10
0 18
2 7
1 9
1 14
2 10
2 12
1 8
2 9
2 6
0 16
2 15
1 15
0 18
0 5
0 11
2 7
0 15
1 18
1 12
1 15
2 8
2 14
0 17
2 11
2 16
2 12
2 15
0 12
0 15
1 10
1 8
1 13
2 10
2 7
1 15
2 10
1 11
2 14
1 8
1 18
0 10
1 16
0 15
0 17
0 18
1 15
0 12
0 16
1 13
2 13
1 12
0 9
2 3
0 10
1 17
1 15
2 9
2 16
1 4
0 17
0 13
0 10
0 17
2 14
0 14
1 12
1 14
0 11
0 16
0 15
0 13
2 5
2 9
1 14
1 14
2 6
0 17
0 10
2 13
1 7
2 10
2 7
0 15
2 11
1 9
0 9
2 14
0 18
2 12
2 10
1 12
2 17
2 9
0 17
1 4
1 19
2 5
1 13
0 7
0 15
2 13
2 12
1 16
0 11
2 8
2 3
0 10
1 13
2 18
0 10
1 10
0 15
2 5
1 13
2 20
2 4
1 12
2 14
1 11
0 10
0 16
0 11
1 17
1 15
1 9
2 8
2 12
1 16
1 15
0 12
0 18
0 18
0 15
0 18
2 11
0 9
2 5
0 17
2 7
0 18
0 14
2 14
2 6
2 14
0 18
1 14
1 13
0 13
0 17
2 15
1 11
0 6
1 3
1 9
0 12
2 10
1 12
0 16
0 16
1 9
1 14
1 15
1 15
2 10
0 13
2 9
2 14
0 10
2 11
1 12
0 10
1 13
0 13
1 6
1 13
1 5
1 10
2 8
0 13
1 13
1 4
2 13
1 16
2 8
1 9
1 13
1 12
2 10
0 9
1 13
2 15
2 10
2 12
2 9
0 8
0 13
2 13
0 14
0 16
1 19
1 13
2 12
1 12
1 12
1 10
2 9
0 15
1 15
1 15
2 9
0 15
0 16
0 16
1 12
0 17
2 12
1 12
1 13
1 18
2 13
1 9
1 11
1 14
1 10
2 14
0 8
2 3
0 12
0 14
0 11
0 15
1 11
2 10
2 1
0 14
2 15
1 6
0 12
1 15
1 11
0 12
1 10
0 10
1 13
2 8
0 10
1 12
1 13
1 18
2 13
2 5
2 11
1 16
0 12
0 10
0 12
2 9
1 8
0 8
1 16
2 10
1 14
0 18
1 12
1 10
2 8
1 13
2 12
0 14
0 17
1 13
0 14
1 13
1 15
1 10
1 16
1 14
2 6
1 9
1 8
1 12
2 11
1 9
1 13
2 11
1 14
2 15
2 8
2 16
1 13
2 6
2 13
0 16
0 7
2 11
0 14
0 11
1 7
2 2
2 7
0 11
2 10
1 15
1 13
0 7
1 12
1 19
2 10
0 20
1 10
0 16
0 8
0 11
2 15
2 6
1 16
2 4
1 18
2 10
2 14
1 17
1 17
2 3
0 19
0 15
2 4
1 7
2 10
1 5
2 10
2 11
2 19
0 11
2 9
1 12
1 15
1 15
0 16
0 16
1 18
2 10
0 14
2 14
2 16
1 12
2 11
2 9
0 16
2 7
1 12
1 10
2 16
1 9
1 13
2 11
2 9
1 6
1 8
2 11
2 5
1 12
2 4
0 14
0 15
0 7
1 17
0 21
2 9
0 15
0 16
0 12
1 15
1 9
2 11
0 14
1 10
2 13
1 14
2 1
1 14
1 15
2 12
2 13
0 13
0 16
0 5
1 15
1 14
1 5
0 13
1 14
2 11
2 9
0 14
0 17
2 11
0 4
1 13
0 12
2 11
1 15
0 9
2 15
2 8
0 13
1 13
1 8
1 11
2 9
2 8
2 16
0 14
0 12
0 14
1 17
2 9
0 15
1 12
2 11
2 10
1 10
2 16
0 14
2 11
1 12
0 12
1 13
1 17
0 13
0 14
2 15
0 19
2 7
1 17
2 18
0 13
1 5
1 14
0 11
1 15
2 12
1 9
1 13
1 10
0 16
2 10
1 16
1 15
2 17
0 11
0 14
1 14
1 14
1 10
2 12
1 7
0 8
1 14
1 14
2 7
0 9
1 17
0 10
2 10
2 5
2 10
1 8
1 12
2 13
1 13
1 11
2 15
2 8
1 14
0 7
0 10
1 14
0 9
1 11
0 17
0 14
1 6
0 13
2 11
2 4
1 10
0 14
1 12
0 17
2 7
0 9
2 7
0 15
1 5
2 11
0 13
2 14
2 13
2 11
1 11
0 12
0 14
0 11
1 16
0 11
0 14
0 10
1 10
2 13
0 7
0 13
2 14
2 12
2 2
2 9
1 8
1 15
1 12
0 8
1 8
2 13
1 15
2 14
2 7
1 15
0 7
0 15
0 16
2 11
0 17
2 12
0 15
2 6
1 13
0 10
1 14
2 13
1 6
1 15
1 13
2 9
2 12
1 5
0 14
1 10
0 17
2 12
0 9
0 15
1 6
2 17
2 4
0 12
0 8
2 4
2 14
0 13
2 13
1 14
0 16
1 10
1 15
0 16
1 18
1 15
2 14
2 5
1 11
1 15
2 13
0 16
1 19
0 19
0 12
1 14
1 10
2 12
1 11
1 12
1 7
1 15
2 8
1 13
2 16
0 8
1 11
1 13
0 7
2 14
0 14
2 5
0 14
0 17
0 15
0 16
1 12
0 16
2 8
0 17
0 15
1 6
1 12
2 11
1 16
2 8
2 8
2 8
2 10
1 12
0 12
2 15
2 10
2 12
1 12
0 12
1 13
1 9
1 20
1 14
1 9
1 17
2 12
2 10
1 11
0 14
1 6
1 10
0 9
1 11
0 15
1 12
0 6
1 14
2 15
2 12
2 9
2 6
1 13
1 8
0 12
1 11
2 11
0 9
0 10
0 9
2 6
0 13
2 4
2 13
2 12
2 12
2 1
0 9
1 12
1 8
1 8
1 9
2 12
2 7
1 9
2 2
2 5
1 7
0 11
1 14
2 13
2 10
2 12
2 9
1 12
1 5
0 12
2 9
1 7
1 13
2 6
0 7
2 4
0 11
0 11
1 8
2 7
1 12
0 10
1 11
2 10
1 12
0 13
1 9
1 9
1 9
1 15
0 15
0 11
1 13
1 6
0 8
0 10
2 12
1 14
2 6
1 9
1 13
0 8
0 8
0 13
0 6
1 10
2 10
0 11
0 10
0 11
2 10
1 9
0 13
2 6
1 9
0 14
2 8
0 12
0 11
1 10
0 12
1 13
1 8
2 1
0 8
0 10
0 9
1 7
0 11
1 8
2 8
1 9
0 13
1 9
1 13
2 7
0 14
1 9
0 10
2 8
0 9
0 12
2 8
2 11
0 10
0 13
2 11
0 13
2 7
2 7
2 11
2 10
1 13
0 14
2 11
0 15
2 4
0 15
0 9
1 12
0 13
0 11
0 7
0 11
0 7
1 7
1 9
0 14
0 11
0 10
1 10
2 8
1 8
2 13
1 9
0 13
1 9
2 10
0 10
1 9
1 14
0 11
1 12
0 17
0 11
0 15
0 14
1 7
2 13
1 7
1 10
0 13
2 4
2 10
0 11
2 10
0 7
1 11
1 11
0 10
1 6
0 14
0 10
2 3
0 10
2 2
0 12
0 12
0 7
1 12
0 9
0 11
0 9
2 3
2 2
1 5
2 3
0 9
0 8
2 9
0 12
2 8
1 6
1 10
0 11
2 2
1 11
0 10
0 7
0 10
1 8
2 7
0 6
2 7
0 5
1 6
2 4
0 8
1 14
0 12
2 6
1 7
1 10
2 9
0 8
1 10
0 11
0 10
2 7
1 4
0 5
0 9
2 10
2 10
0 6
2 3
0 9
1 12
0 11
0 12
1 10
1 14
0 9
2 7
0 12
0 10
1 17
1 9
2 8
2 4
0 12
0 14
2 7
2 9
0 13
2 9
2 9
1 8
2 6
0 10
2 8
0 9
1 9
2 8
1 12
2 10
1 11
1 10
2 11
2 5
1 8
1 7
1 12
2 9
2 3
2 6
0 16
1 12
0 12
1 11
1 9
1 12
2 9
1 7
1 12
0 9
2 11
2 11
2 7
0 10
0 15
0 9
2 6
2 15
2 8
2 11
1 9
0 12
2 10
0 11
2 7
2 9
0 10
0 10
2 6
0 13
2 7
2 5
2 10
1 11
0 11
1 11
0 19
1 14
1 9
2 4
1 13
0 7
0 9
2 6
1 8
0 13
1 9
2 13
2 7
0 12
1 10
2 7
1 10
1 10
1 10
2 4
0 11
1 9
0 11
1 16
1 8
2 12
2 7
1 13
2 2
1 11
0 10
0 10
0 16
1 9
2 10
0 12
2 11
2 9
0 6
1 7
0 14
1 10
2 12
2 5
2 7
2 8
0 11
0 9
1 10
0 12
2 7
2 11
2 6
0 7
1 14
1 13
2 3
1 4
2 12
2 8
0 9
1 9
0 10
0 14
1 12
1 14
0 8
2 12
0 13
2 1
0 13
0 11
0 14
0 5
2 14
0 9
1 11
2 12
0 12
0 9
1 9
2 7
0 9
1 9
1 14
1 9
1 18
2 12
0 8
1 9
0 12
0 19
2 8
1 11
0 8
0 16
2 8
2 10
2 7
1 12
1 12
0 12
2 6
2 8
0 10
1 10
1 10
0 9
2 4
0 14
0 12
1 15
0 8
0 10
1 10
0 14
2 14
2 6
1 10
0 10
0 15
1 7
2 7
1 8
0 9
2 7
0 13
1 8
1 9
2 14
1 6
0 18
2 10
0 6
2 9
1 8
2 9
0 15
1 11
2 14
0 10
1 9
2 9
1 5
0 15
0 8
2 10
1 12
2 11
1 9
2 9
1 10
1 9
1 15
0 12
1 9
2 10
0 16
2 12
1 8
1 9
0 14
1 17
0 11
2 13
1 6
2 10
0 16
0 10
1 13
0 11
2 11
1 7
0 11
1 10
1 6
2 5
2 7
0 13
2 6
1 9
0 8
1 9
1 9
1 15
2 8
0 9
0 12
1 6
2 10
0 9
1 12
0 12
0 13
0 13
0 13
2 14
1 6
0 7
1 11
1 10
1 10
2 9
0 8
1 8
2 8
0 15
1 11
0 7
0 16
0 15
2 12
2 7
1 13
2 15
1 7
1 8
0 8
2 7
2 10
2 6
1 7
0 10
1 15
2 14
1 12
1 8
2 12
1 13
0 8
1 9
1 6
2 3
0 12
0 7
1 7
1 9
1 11
2 10
2 6
0 10
1 13
1 10
0 9
2 5
0 10
0 11
0 8
2 7
2 11
1 13
1 8
2 7
1 14
2 13
0 10
2 6
1 9
1 8
0 15
0 8
0 13
2 12
1 12
1 9
0 8
1 6
1 6
1 12
0 16
1 12
0 10
1 12
1 11
0 11
2 8
0 9
1 14
2 14
0 14
0 7
2 4
0 13
2 6
1 13
0 10
2 5
1 14
2 8
2 7
0 11
2 5
0 17
0 9
2 6
2 10
1 15
1 14
2 12
0 8
1 15
2 4
1 9
1 10
2 11
0 11
2 3
0 13
2 5
2 13
2 9
0 11
0 15
0 16
1 13
2 2
0 11
1 10
1 16
0 6
0 10
2 4
1 6
1 11
0 9
0 12
2 9
1 3
1 10
0 10
1 5
0 17
2 6
0 10
0 10
2 11
0 12
0 9
2 10
1 14
0 13
2 7
1 14
2 9
2 13
0 10
0 16
0 7
2 6
0 13
0 10
2 4
0 10
0 15
2 11
2 7
1 9
2 4
0 8
1 8
1 7
2 0
2 13
1 10
1 8
1 18
2 12
2 9
0 15
1 13
2 4
2 11
2 9
1 11
0 10
2 11
1 16
2 8
0 9
1 12
0 4
2 6
0 6
1 8
0 10
2 4
1 7
2 8
0 10
2 9
0 9
0 12
1 5
0 8
2 10
2 13
2 3
2 4
1 11
0 11
0 7
2 4
1 11
2 1
1 10
1 10
0 9
1 8
0 16
2 1
0 8
1 10
2 5
1 7
2 11
1 6
2 5
0 7
2 7
1 11
1 15
0 6
2 3
1 6
2 8
2 6
0 16
2 5
0 8
1 9
1 7
1 3
2 6
2 5
1 7
